Epoch: 0000 nll_train: 1307.5848816386 kl_train: -0.5165368876 mse_train: 0.0006810338 acc_train: 0.5122216672 nll_val: 17.9865401546 kl_val: -0.7426830734 mse_val: 0.0000093680 acc_val: 0.5713953718 time: 36.8054s
Epoch: 0001 nll_train: 444.6402107102 kl_train: -0.5994469030 mse_train: 0.0002315835 acc_train: 0.7141072570 nll_val: 10.0584109343 kl_val: -0.4221819688 mse_val: 0.0000052388 acc_val: 0.8847260680 time: 34.3772s
Epoch: 0002 nll_train: 163.4080697569 kl_train: -0.2507450435 mse_train: 0.0000851084 acc_train: 0.9331529731 nll_val: 4.7468213975 kl_val: -0.1970817596 mse_val: 0.0000024723 acc_val: 0.9443680775 time: 34.3506s
Epoch: 0003 nll_train: 107.3827316206 kl_train: -0.1548539500 mse_train: 0.0000559285 acc_train: 0.9533621723 nll_val: 3.1648223249 kl_val: -0.1335952309 mse_val: 0.0000016483 acc_val: 0.9580399525 time: 34.1332s
Epoch: 0004 nll_train: 87.0081270028 kl_train: -0.1184627578 mse_train: 0.0000453167 acc_train: 0.9615053549 nll_val: 2.8351276419 kl_val: -0.1098914127 mse_val: 0.0000014766 acc_val: 0.9614319620 time: 35.1484s
Best Epoch: 0004
--------------------------------
--------Testing-----------------
--------------------------------
nll_test: 83.0836789819 kl_test: -0.1094414003 mse_test: 0.0000432728 acc_test: 0.9629895174
MSE: [ 0.000001851206 , 0.000007452966 , 0.000016861579 , 0.000030110423 , 0.000047212154 , 0.000068161615 , 0.000092937436 , 0.000121501842 , 0.000153806599 , 0.000189795668 , 0.000229403231 , 0.000272558129 , 0.000319181534 , 0.000369198620 , 0.000422529265 , 0.000479103648 , 0.000538856315 , 0.000604006869 , 0.000672373048 , 0.000743778131 ]
